153
1 0 0 10 1
2 0 0 5 1
3 0 0 5 1
4 0 0 2 1
2 1 1 6 1
2 2 1 7 1
3 2 1 7 1
2 3 2 8 1
3 1 2 6 1
4 1 2 3 1
4 3 2 7 1
1 4 3 20 1
4 4 3 6 1
2 4 4 9 1
1 5 5 15 1
3 3 5 8 1
4 2 5 4 1
1 1 6 11 1
2 5 6 10 1
2 6 6 11 1
3 4 6 10 1
3 6 6 15 1
4 5 6 7 1
4 6 6 8 1
1 2 7 16 1
2 8 7 13 1
3 7 7 12 1
4 8 7 10 1
2 7 8 12 1
4 7 8 9 1
4 9 8 11 1
2 9 9 14 1
2 10 9 15 1
1 3 10 17 1
1 7 10 24 1
3 5 10 11 1
4 11 10 15 1
2 11 11 16 1
3 8 11 13 1
3 10 11 19 1
1 11 12 24 1
2 12 12 17 1
1 8 13 20 1
1 13 13 30 1
4 10 13 12 1
4 13 13 17 1
1 6 14 16 1
1 10 14 27 1
2 13 14 18 1
3 9 14 16 1
3 15 14 23 1
1 16 15 26 1
2 14 15 19 1
2 15 15 20 1
2 16 15 21 1
3 11 15 16 1
4 12 15 14 1
4 14 15 16 1
4 15 15 17 1
1 14 16 24 1
1 15 16 26 1
3 13 16 22 1
4 17 16 19 1
1 9 17 23 1
2 18 17 23 1
3 12 17 20 1
3 18 17 26 1
4 16 17 18 1
2 17 18 22 1
3 14 18 21 1
4 18 18 20 1
2 19 19 24 1
3 16 19 21 1
4 20 19 22 1
1 12 20 22 1
4 19 20 21 1
4 21 20 23 1
1 17 21 27 1
3 17 21 24 1
3 20 21 29 1
1 20 23 39 1
1 21 23 33 1
1 23 23 34 1
3 21 23 26 1
4 22 23 24 1
1 22 24 33 1
1 25 24 40 1
3 19 24 24 1
4 24 24 27 1
3 22 25 28 1
4 23 25 25 1
4 25 25 27 1
1 18 27 31 1
1 19 29 37 1
4 26 29 28 1
4 27 29 31 1
4 28 29 31 1
4 29 29 31 1
1 24 30 34 1
1 26 30 36 1
4 30 30 32 1
4 31 30 33 1
1 27 31 40 1
4 32 33 34 1
1 28 34 41 1
1 32 34 50 1
1 34 34 53 1
4 33 34 35 1
1 35 35 45 1
4 34 35 36 1
4 36 36 40 1
1 30 38 49 1
1 37 38 52 1
4 35 38 37 1
4 37 38 39 1
4 38 38 40 1
4 39 38 41 1
1 29 39 44 1
4 40 39 42 1
1 31 40 48 1
1 39 41 56 1
1 36 42 46 1
1 33 43 44 1
4 43 43 46 1
1 42 44 61 1
4 41 44 43 1
4 42 44 46 1
1 44 45 60 1
1 46 45 59 1
1 38 46 48 1
1 40 46 51 1
4 44 46 46 1
4 48 47 50 1
1 48 48 66 1
4 45 48 48 1
4 47 48 51 1
4 49 48 51 1
1 45 49 55 1
4 46 49 50 1
4 50 49 52 1
1 43 50 54 1
1 49 50 59 1
1 41 51 56 1
4 51 51 53 1
4 53 53 56 1
4 54 53 56 1
4 52 54 54 1
4 55 54 57 1
1 47 56 57 1
4 56 58 58 1
4 57 58 60 1
4 59 59 62 1
4 58 60 60 1
