4
1 0.1
2 0.2
3 0.2
4 0.5
123
1 0 0 1
2 0 0 1
3 0 0 1
4 0 0 1
4 1 0 1
4 2 0 1
2 1 1 1
3 1 2 1
2 2 3 1
4 3 4 1
2 3 5 1
2 4 5 1
2 5 5 1
1 1 6 1
1 2 7 1
2 6 7 1
2 7 7 1
2 8 7 1
2 9 7 1
4 4 7 1
3 2 8 1
2 10 9 1
2 11 9 1
2 12 9 1
2 13 9 1
2 14 11 1
4 5 11 1
4 6 11 1
2 15 12 1
1 3 13 1
2 16 13 1
2 17 13 1
2 18 13 1
3 3 14 1
2 19 15 1
3 4 15 1
4 7 15 1
4 8 15 1
3 5 19 1
4 9 19 1
1 4 22 1
3 6 22 1
4 10 22 1
3 7 23 1
3 8 23 1
4 11 23 1
4 12 24 1
3 9 28 1
4 13 28 1
3 10 29 1
4 14 29 1
4 15 32 1
1 5 33 1
3 11 35 1
4 16 35 1
4 17 36 1
4 18 36 1
4 19 38 1
4 20 40 1
4 21 40 1
4 22 40 1
3 12 41 1
4 23 42 1
1 6 44 1
3 13 44 1
4 24 45 1
4 25 46 1
3 14 47 1
3 15 48 1
4 26 48 1
4 27 48 1
1 7 50 1
4 28 50 1
3 16 51 1
4 29 53 1
4 30 54 1
3 17 55 1
4 31 57 1
3 18 58 1
3 19 58 1
3 20 58 1
4 32 59 1
1 8 60 1
4 33 60 1
3 21 62 1
4 34 62 1
4 35 62 1
3 22 63 1
4 36 63 1
1 9 67 1
4 37 67 1
4 38 70 1
1 10 73 1
1 11 74 1
4 39 74 1
4 40 74 1
4 41 78 1
4 42 82 1
4 43 83 1
1 12 85 1
1 13 85 1
1 14 85 1
1 15 85 1
4 44 87 1
1 16 88 1
4 45 89 1
4 46 89 1
4 47 93 1
4 48 94 1
1 17 96 1
4 49 97 1
4 50 99 1
4 51 100 1
4 52 104 1
1 18 106 1
4 53 108 1
4 54 109 1
4 55 110 1
4 56 114 1
4 57 114 1
1 19 115 1
4 58 116 1
4 59 116 1
